with_mask 0.9577 144 155 198 211
with_mask 0.9472 240 192 291 246
with_mask 0.9403 307 180 344 223
with_mask 0.8914 263 41 279 59
with_mask 0.8897 230 48 245 66
with_mask 0.8809 250 28 267 46
with_mask 0.8730 205 45 221 62
with_mask 0.8715 246 106 273 137
with_mask 0.8647 288 25 301 40
with_mask 0.8479 274 98 300 126
with_mask 0.8128 213 73 234 98
with_mask 0.7983 193 87 213 113
with_mask 0.7683 176 101 203 127
with_mask 0.7237 225 33 237 46
with_mask 0.6851 160 12 173 27
with_mask 0.6760 200 194 232 230
with_mask 0.6641 347 31 356 42
with_mask 0.6408 181 13 192 25
with_mask 0.6231 187 67 207 84
with_mask 0.5338 222 0 229 8
with_mask 0.5137 162 0 172 11
with_mask 0.4946 206 30 219 40
with_mask 0.4826 212 29 223 41
with_mask 0.4410 359 26 368 38
with_mask 0.4211 176 13 188 26
with_mask 0.3774 199 24 210 35
with_mask 0.3418 193 5 200 12
with_mask 0.3348 223 20 232 30
with_mask 0.3219 390 1 398 14
mask_weared_incorrect 0.8301 20 108 75 172
mask_weared_incorrect 0.3970 196 187 231 230
