without_mask 0.9128 7 110 43 147
without_mask 0.8712 238 15 266 45
without_mask 0.8417 334 25 359 50
without_mask 0.8355 77 16 104 45
without_mask 0.8250 163 27 186 49
without_mask 0.7844 22 18 50 45
without_mask 0.7522 237 154 269 189
without_mask 0.5944 381 15 398 33
without_mask 0.5719 214 55 238 77
without_mask 0.5330 284 58 302 81
without_mask 0.4770 127 24 154 48
without_mask 0.4714 72 105 102 140
without_mask 0.4664 271 51 301 79
without_mask 0.4152 97 62 115 83
without_mask 0.3617 109 82 132 116
without_mask 0.3612 271 48 289 73
with_mask 0.9557 253 91 291 131
with_mask 0.9519 54 203 109 258
with_mask 0.9105 179 74 212 107
with_mask 0.8735 313 114 345 148
with_mask 0.8249 108 158 180 234
with_mask 0.7797 111 0 132 23
with_mask 0.7576 184 15 212 43
with_mask 0.7246 352 69 383 98
with_mask 0.6587 46 8 72 37
with_mask 0.4117 46 3 80 51
with_mask 0.4114 203 33 222 51
with_mask 0.3888 138 64 172 102
with_mask 0.3852 212 64 237 93
with_mask 0.3427 308 44 334 75
with_mask 0.3301 384 15 399 37
with_mask 0.3266 168 179 207 257
with_mask 0.3262 271 188 321 241
with_mask 0.3187 65 101 97 145
