without_mask 0.6067 381 125 396 144
without_mask 0.5982 12 122 27 139
without_mask 0.4979 53 182 65 197
without_mask 0.3222 346 103 353 113
with_mask 0.9378 290 63 314 89
with_mask 0.9345 182 64 206 93
with_mask 0.9223 138 61 160 85
with_mask 0.9095 247 71 267 93
with_mask 0.8736 108 58 131 81
with_mask 0.8649 382 92 396 110
with_mask 0.7999 47 96 60 111
with_mask 0.7042 13 180 34 200
with_mask 0.6632 12 99 24 113
with_mask 0.3732 385 133 399 161
with_mask 0.3354 222 81 233 99
with_mask 0.3100 39 109 47 119
