without_mask 0.6926 298 59 320 82
with_mask 0.9367 118 67 136 88
with_mask 0.9330 162 74 184 97
with_mask 0.9327 230 59 248 79
with_mask 0.9231 72 70 89 89
with_mask 0.9178 334 68 352 87
with_mask 0.9130 271 56 289 74
with_mask 0.6709 362 60 372 71
with_mask 0.6236 181 69 194 89
with_mask 0.5356 153 60 167 78
with_mask 0.5199 384 53 394 64
with_mask 0.4540 119 55 130 66
with_mask 0.4491 25 68 43 85
with_mask 0.4181 92 59 100 68
with_mask 0.4067 34 69 44 82
with_mask 0.3731 354 55 363 66
with_mask 0.3522 31 85 42 96
with_mask 0.3084 31 82 48 100
