without_mask 0.6273 29 70 50 90
without_mask 0.5492 179 14 206 42
without_mask 0.3921 143 90 153 101
without_mask 0.3080 131 28 138 36
with_mask 0.9263 22 34 43 57
with_mask 0.9194 211 161 239 191
with_mask 0.9167 253 11 275 36
with_mask 0.9087 1 176 30 208
with_mask 0.9051 36 149 64 179
with_mask 0.8993 286 9 311 36
with_mask 0.8879 95 73 122 101
with_mask 0.8861 188 55 212 80
with_mask 0.8718 92 10 115 33
with_mask 0.8657 136 191 164 220
with_mask 0.8556 180 12 207 35
with_mask 0.8463 343 32 369 56
with_mask 0.8454 193 143 218 168
with_mask 0.8234 359 117 386 139
with_mask 0.8178 319 0 338 15
with_mask 0.7886 2 25 18 48
with_mask 0.7487 246 73 269 95
with_mask 0.4919 142 92 153 103
mask_weared_incorrect 0.7156 55 132 78 160
