without_mask 0.9084 39 108 65 135
without_mask 0.9038 26 87 45 105
without_mask 0.8763 303 129 329 156
without_mask 0.7711 162 88 181 109
without_mask 0.5425 83 83 94 95
without_mask 0.5112 3 32 14 46
without_mask 0.4714 297 57 307 67
without_mask 0.3696 0 102 20 124
with_mask 0.9236 127 106 175 151
with_mask 0.9199 217 96 256 136
with_mask 0.5123 366 151 393 179
with_mask 0.4393 0 102 15 124
with_mask 0.4082 295 63 315 89
with_mask 0.4047 81 85 95 108
with_mask 0.3600 12 36 22 48
with_mask 0.3404 38 34 46 43
with_mask 0.3334 43 41 51 50
with_mask 0.3019 39 37 49 50
